项目编码,项目名称,日期,商务开累产值不含税,商务开累产值含税,商务本年产值不含税,商务本年产值含税,商务开累成本,商务本年成本
U_ORG_XM_AJXXZSDCBDXMP4BD,埃及新行政首都CBD项目P4标段,2020/12/1,897360112.5,897360112.5,238275144.7,238275144.7,,
U_ORG_XM_AHWHYJSYY,安徽芜湖皖南医学院弋矶山医院,2020/12/1,194211205.3,213632325.8,50281121.97,55309234.16,184475843,48084939.62
U_ORG_XM_AHZWCF,安徽忠旺厂房,2020/12/1,0,0,-127750,-127750,0,-127750
U_ORG_XM_ASJGS,鞍山市公安局监管场所新建,2020/12/1,89045817.91,97059941.52,88665546.71,96645445.91,87556933.57,87183290.24
U_ORG_XM_BZGZSYXX,巴中光正实验学校,2020/12/1,140749421.9,154824364,1942810.576,2137091.634,139541384.2,1924884.37
U_ORG_XM_BZSYLXQ,霸州市云庐小区住宅,2020/12/1,168985943.2,184194678.1,86009268.42,93750102.57,158965923.9,80898653.33
U_ORG_XM_BJAZKYL,北京A座科研楼,2020/12/1,13270686.98,14597755.67,0,0,12685989.09,0
U_ORG_XM_Z13SYJR,北京CBD核心区Z13地块商业金融,2020/12/1,1434067385,1472859943,140197165,143570224.6,1338845708,121374792.2
U_ORG_XM_BJZ12TKJD,北京Z12泰康大厦机电工程,2020/12/1,228558314,235415063.5,31703930.44,32655048.36,209710637.7,29210317
U_ORG_XM_ZGZKT,北京Z15中国尊高区空调,2020/12/1,266495095.4,274489575.9,4315216.469,4444672.963,256410872.6,4151920.29
U_ORG_XM_BJAN4D,北京奥南4#地,2020/12/1,103018831.7,103035784.6,232321.6984,232359.9295,97776714.54,220500
U_ORG_XM_CYJZQ,北京常营大型居住区三期,2020/12/1,78544291.18,78690861.07,167403.7795,167715.917,73240412.59,156137.52
U_ORG_XM_CYMSHJC,北京朝阳门SOHO中心南区商业加层,2020/12/1,3405036.23,3440548.406,0,0,3304636.55,0
U_ORG_XM_DXZBDQ,北京大兴17#地项目（东区）,2020/12/1,27238675.36,27269665.96,0,0,24355905.07,0
U_ORG_XM_DXJCZSQAZF,北京大兴国际机场噪声区安置房,2020/12/1,753663992.4,822833419.4,290049489.3,315796391.5,711537539,278631829.1
U_ORG_XM_CPXQGZ,北京大学昌平新校区宿舍楼装修改造,2020/12/1,202257466.7,220487642.3,202227137.3,220454583.2,197187195.7,197157841.7
U_ORG_XM_BJDXHXYEQDL,北京大学化学学院E区大楼,2020/12/1,77299984.59,84256983.2,38292536.82,41738865.13,75199188.08,37255511.8
U_ORG_XM_BDKYL,北京大学教学科研楼,2020/12/1,205520227,208349568.3,14153961.17,14387349.71,197773121.2,13621793.25
U_ORG_XM_BDTSGGZ,北京大学图书馆改造,2020/12/1,150267893.7,164358826.8,6796407.254,7417511.216,147902629.6,6644158.45
U_ORG_XM_BDFZJXL,北京大学新建附属中学北校区综合教学楼,2020/12/1,197524287.3,215301473.1,-703353.3355,-766655.1356,193836772.6,-681624.83
U_ORG_XM_YJSGZ,北京电信亦庄云计算改造,2020/12/1,83325326.44,92308266.44,2855605.39,3152705.339,82866985.19,2832682.21
U_ORG_XM_BJDCBGLGKJ,北京东城办公楼改扩建,2020/12/1,231169907.7,251504915.4,152469440.8,165951099.1,222378747.2,148813859.4
U_ORG_XM_DXKAZFJZHZZ,北京东小口安置住房及综合整治,2020/12/1,175418539.5,191206208.1,103234172.3,112525247.8,174087338.7,102487365.5
U_ORG_XM_BJFSHFZYGY,北京房山华发中央公园,2020/12/1,271480035.1,296834043.8,154865607.8,169263776.3,259431162,148835200.6
U_ORG_XM_BJFSLHXYTJ,北京房山龙湖熙悦天街,2020/12/1,465230214.6,508295707.7,20374621.4,22251629.44,440365607.7,19197117.64
U_ORG_XM_BJFZKYLJD,北京纺织科研楼实验楼机电,2020/12/1,78088433.68,85116392.71,5616200.167,6121658.182,75816812.17,5452822.82
U_ORG_XM_BJFZDSZX,北京凤展大厦装修工程,2020/12/1,4267243.378,4693967.719,0,0,4013754.41,0
U_ORG_XM_BJGAZXGZ,北京港澳中心改造,2020/12/1,351562420.9,383203038.8,191388584.9,208613557.5,344662701.3,188107043.7
U_ORG_XM_BJGLYSQ03_31,北京高丽营三期03-31地块,2020/12/1,684030773.9,748650069.4,-78491.11249,-93342.46229,619311734.2,-4625.12
U_ORG_XM_GCBS38DK,北京观承别墅03-38地块二标段,2020/12/1,186042708.8,194430087.1,5044404.713,5248201.66,181677765.8,4923728.67
U_ORG_XM_BJGJKJCBZX,北京国家科技传播中心,2020/12/1,349016283.1,380922258.1,124103668.5,135434290.7,301901325.5,108662419
U_ORG_XM_YYZXGZSQ,北京国家游泳中心改造三期,2020/12/1,158615332.6,172717084.8,24454684.52,26622181.57,133455824.6,20856347.23
U_ORG_XM_GMDLGZ,北京国贸东楼改造及交通一体化,2020/12/1,306308423.1,311051856.3,13589003.41,13793241.31,300401068.8,13390418.38
U_ORG_XM_BJGMGYGZ,北京国贸公寓改造,2020/12/1,150358013.6,164748758,12084330.39,13306177.61,147365260.1,11882559.51
U_ORG_XM_GRGCJD,北京国锐广场机电,2020/12/1,122706212.6,126121219.9,11194485.39,11540706.59,121869706.7,11109678.52
U_ORG_XM_HTDXJSSS,北京航天工程大学军事设施建设,2020/12/1,272680047.1,297221251.4,139502186.9,152057383.7,272193822.1,139244364
U_ORG_XM_BJHPC,北京和平村,2020/12/1,436017010,483978881.1,46785150.22,51931516.75,419947560.5,45340296.08
U_ORG_XM_HKYSDEQ,北京鸿坤云时代二期,2020/12/1,339633049.5,373040251.7,13991147.75,15284685.44,327036980.9,13754700.81
U_ORG_XM_HNTZDS,北京湖南投资大厦,2020/12/1,26971290.69,29398706.89,26113516.92,28463733.48,24171874.38,23405934.75
U_ORG_XM_HJDYH,北京花家地一号,2020/12/1,13351018.53,14552610.2,7450392.944,8120928.309,13099251.51,7323686.78
U_ORG_XM_BJHLDS,北京华力国际大厦,2020/12/1,2172985.735,150623651.2,0,0,1921809.23,0
U_ORG_XM_HNRCJFGZ,北京华能人才基地B栋实验楼数据机房改造,2020/12/1,781206.2901,851514.8563,781206.2901,851514.8563,775675.35,775675.35
U_ORG_XM_YXHE2DK,北京怀柔区雁栖湖柏崖厂村E2地块,2020/12/1,349814809.3,390995237,83247479.52,93217667.59,350742066.5,84579983.33
U_ORG_XM_BJHRZGCCZZ,北京怀柔张各长村住宅,2020/12/1,402768131.5,438920994.9,39329653.01,42249364.97,396874901.4,38927425.93
U_ORG_XM_BJHQGYDJQ,北京环球度假区,2020/12/1,710273567.5,774761631.6,54101465.74,58996756.6,704547429.4,53817032.1
U_ORG_XM_BJHQDJQJT,北京环球度假区（集团）,2020/12/1,24842310.75,27183557.18,1407567.569,1535656.218,24660849.49,1395457.54
U_ORG_XM_BJHQNYZX,北京环球能源中心,2020/12/1,252052341.6,273957841.8,19943451.25,21655928.98,238204566.8,19102941.64
U_ORG_XM_BJHQZTGY,北京环球主题公园,2020/12/1,1230203650,1342107803,107834305.1,117638223,1195226354,105422331.6
U_ORG_XM_BJHSMZXGZ,北京火神庙商业中心改造,2020/12/1,292525915.3,322403212.2,32274695.63,35699097.24,288873462.9,31871000.85
U_ORG_XM_BJZSJM,北京嘉铭珑原07-01办公商业,2020/12/1,14711415.77,15300238.69,0,0,14411607.94,0
U_ORG_XM_BJJGMBGLGJ,北京建国门办公楼改建工程,2020/12/1,73521782.82,80508136.14,31365164.95,34205246.73,72113256.71,31054367.38
U_ORG_XM_JRJYTZX,北京金融街（月坛）中心,2020/12/1,1729768684,1741142367,2765422.261,2785806.595,1620115243,2630769.27
U_ORG_XM_JXSWZX,北京京西商务中心（西区）商业金融用地,2020/12/1,35743119.65,36132048.6,0,0,34989447.03,0
U_ORG_XM_BJJCBDT,北京精测半导体设备及准分子激光器,2020/12/1,71715425.14,78169813.4,71715425.14,78169813.4,71265231.75,71265231.75
U_ORG_XM_BJKTDX,北京凯特大厦,2020/12/1,396217162.5,400100474.4,-11970414.26,-11619017.12,388536854.1,-12665397.97
U_ORG_XM_LGYZZSPF,北京来广营北路自住型商品房,2020/12/1,900763109.3,915043558.8,6300716.057,6307160.893,883633822.7,5994649.29
U_ORG_XM_LZSOHOJD,北京丽泽soho机电,2020/12/1,80024784.91,82425423.33,9330132.28,9610036.248,78777493.06,9184703.49
U_ORG_XM_BJLZJRSWQ,北京丽泽金融商务区E-13、E-14地块,2020/12/1,24982467.71,25202321.93,1629461.2,1643801.013,24232510.21,1580545.83
U_ORG_XM_BJLZJRSWQJ,北京丽泽金融商务区E区13、14地块项目[局集团],2020/12/1,494959923.6,500645813.5,11273776.9,11384862.37,486570036.8,11066234.93
U_ORG_XM_LXHZX,北京利星行中心(文化交流中心),2020/12/1,1840027207,1869679765,635035.2839,645136.9823,1596424144,507218.93
U_ORG_XM_LXHZXEQ,北京利星行中心二期,2020/12/1,57577612.72,62991511.94,9924739.686,10847544.64,55995462.15,9596974.33
U_ORG_XM_LXHGZ,北京利星行中心改造,2020/12/1,54236715.15,59398585.91,13380023.56,14943291.97,52696389.24,12935897
U_ORG_XM_LXZBEQ,北京联想总部园区二期,2020/12/1,895314133.9,922173558,-2154371.423,-2219002.566,886149399,-2351948.93
U_ORG_XM_LXZBYQ,北京联想总部园区一期,2020/12/1,39423336.59,39705610.51,-343315.1307,-345773.2917,38426011.39,-334630
U_ORG_XM_JXYL,北京绿城西山燕庐,2020/12/1,261797140.1,284876432.2,33074921.23,36043244.28,257312156.6,32475996.12
U_ORG_XM_MTGBL,北京门头沟保利首开自住房,2020/12/1,142240456,150332926.9,-75203.37662,-77245.77431,137188761.1,-71978.26
U_ORG_XM_MTGBLXX,北京门头沟保利小学,2020/12/1,21245839.7,24640152.16,0,0,20325670.34,0
U_ORG_XM_MYZZ,北京密云项目住宅,2020/12/1,319298731.5,322300813.2,1416450.459,1433311.887,315455187.8,1396088.17
U_ORG_XM_BJODBSMZX,北京欧德宝商贸中心,2020/12/1,136191620.4,149613342.9,3442909.373,3787200.313,132075398.1,3260862.237
U_ORG_XM_BJPAE05DK,北京平安金融中心E05地块,2020/12/1,608658912.7,666480058.3,5197622.113,5691390.807,606471056,5181668.35
U_ORG_XM_BJQMCQGZ,北京前门B2B3地块重启后改造工程,2020/12/1,17950328.1,19565857.62,4737996.083,5164415.728,17622166.27,4651377.64
U_ORG_XM_QHBT,北京清华大学北体育馆,2020/12/1,222232628.3,242532766.1,73616455.91,80586012.47,218093460.1,72716545.94
U_ORG_XM_QHSSM,北京清华大学苏世民书院,2020/12/1,385025101.1,388240931.5,0,0,378076840.8,0
U_ORG_XM_RJZX,北京如家北纬路店装修,2020/12/1,972769.9396,1060319.234,424442.0761,462641.863,969851.63,423168.75
U_ORG_XM_SMKYDL,北京生命科学科研大楼,2020/12/1,133822650.7,133924596.3,16832518.7,16833668.99,129863456.3,16329121.92
U_ORG_XM_SMDLGZ,北京生命科学实验室改造,2020/12/1,81472336.17,88785619.7,-2836992.501,-3229700.373,79525992.19,-2722368.58
U_ORG_XM_BJSMYJSKJ,北京生命科学研究所扩建,2020/12/1,277098493.9,278115571.2,40990678.05,41056958.1,273393084.9,40458569.09
U_ORG_XM_NGZCXQ,北京石景山区南宫住宅小区,2020/12/1,264396784.9,265000761.4,-618035.0714,-619333.5656,253889684.4,-594964.37
U_ORG_XM_BJCBDSYJR,北京市CBD核心区Z2b地块商业金融,2020/12/1,1747097890,1799510827,61810641.58,63664960.83,1735175776,61312439.82
U_ORG_XM_RHYY,北京市仁和医院二期,2020/12/1,151557360.4,155647441.2,-5638.954441,-5403.562939,149123350,-5286.41
U_ORG_XM_SDJCGZ,北京首都机场2号航站楼改造,2020/12/1,236775396.4,238274452.5,145937.0677,147079.1865,212387743.4,156587.98
U_ORG_XM_SDYKDKYL,北京首都医科大学临床科研楼改造,2020/12/1,3295557.932,3815095.423,30810.0165,35667.14812,3265398.78,30528.06
U_ORG_XM_BJSKWKJD,北京首开万科天地机电,2020/12/1,22185002.93,22850553.02,4718415.405,4859967.868,22000012.02,4679070.63
U_ORG_XM_SKWKZX,北京首开万科中心,2020/12/1,511106511.5,523744370.1,13023355.27,13326653.72,498543301,12636211.24
U_ORG_XM_SJZXJD,北京数据港1号数据中心机电,2020/12/1,93158581.58,101542854.2,90634217.6,98791297.42,92203824.68,89708974.64
U_ORG_XM_BJSYHSYGYCQF,北京顺义后沙峪共有产权房,2020/12/1,608300114.1,663047124.4,280860508.1,306137953.8,605945600.1,280158676.1
U_ORG_XM_BJSYMTZ,北京顺义马头庄,2020/12/1,785132999.6,857381588.5,97227545.27,106314065.3,764535011,94557394.31
U_ORG_XM_SYXCD13JQ,北京顺义新城第13街区居住区,2020/12/1,87141224.96,94983935.21,86578449.16,94370509.59,86515498.27,85957224.68
U_ORG_XM_BQSTLGZF,北京顺义新城第4街区保障性住房,2020/12/1,459999380.9,507142211.9,60755300,67103394.99,445707849.1,58920616.9
U_ORG_XM_TH008,北京台湖公园里008地块,2020/12/1,123931588.5,136609717.2,9276862.683,10226980.62,117178960.3,8802999.06
U_ORG_XM_BJTGLGZ,北京太古里改造,2020/12/1,140958503,154402836.4,9372729.894,10265422.85,139916125.3,9321783.66
U_ORG_XM_BJTKSQ,北京泰康之家燕园三期,2020/12/1,98930755.03,107834523,98930755.03,107834523,97941447.48,97941447.48
U_ORG_XM_BJTLDYQ,北京天利德一期厂房,2020/12/1,17386259.29,17560725.74,3598089.272,3634268.73,16696246.78,3456009.62
U_ORG_XM_TTTKJY,北京天通泰中以文化数码科技园,2020/12/1,933436012.3,937231460.8,71924.5586,72269.15033,924199962.4,70412.87
U_ORG_XM_TZWKZX,北京天竺万科中心,2020/12/1,111957300.6,113169568.8,-126132.6791,-127340.4471,109168286.1,-123073.51
U_ORG_XM_TZHXQ,北京通州核心区运河项目Ⅱ-05地块,2020/12/1,43132146,47031389.28,35550251.06,38764073.94,42282204.42,34849714.7
U_ORG_XM_BJTZWG,北京通州网络安全技术研发厂房,2020/12/1,182850017.7,199306519.3,182850017.7,199306519.3,180841582.7,180841582.7
U_ORG_XM_BJWKFCGYJD,北京万科翡翠公园机电,2020/12/1,17256472.2,18809554.7,11147.18281,12150.42926,16698780.39,10786.93
U_ORG_XM_WKFCYT,北京万科翡翠云图,2020/12/1,637909680.1,698912563.3,110137381.8,121631604.5,598468777.2,102515411.2
U_ORG_XM_BJWKQXS,北京万科七橡墅,2020/12/1,560663521.3,610557884.8,52762295.99,57440655.01,507361398.6,47859840
U_ORG_XM_BJWKWX,北京万科望溪,2020/12/1,269386219.4,293630979.2,83628691.62,91155273.87,266006493.4,82473699.5
U_ORG_XM_WJSHZX,北京望京SOHO中心,2020/12/1,69695095.69,69804286.83,0,0,57115097.4,0
U_ORG_XM_BJWJBGLSQ,北京望京办公楼三期,2020/12/1,217285076.2,239211714.4,23147273.59,25485430.96,215680628.6,22986604.85
U_ORG_XM_BJWLCXX,北京未来城学校,2020/12/1,52758219.06,57506458.78,23239137,25330659.33,52505131.63,23127656.1
U_ORG_XM_BJWLCXXZB,北京未来城学校总承包,2020/12/1,393537176.6,428955522.5,393537176.6,428955522.5,295190111.9,295190111.9
U_ORG_XM_WHWKCYTD,北京五和万科长阳天地,2020/12/1,206407161.3,210622586.3,2958523.306,3018825.052,199170916.4,2836334.404
U_ORG_XM_WKSLQGY,北京五棵松篮球公园施工,2020/12/1,77161576.51,78566097.54,5732743.931,5844774.246,73117937.43,5319340.56
U_ORG_XM_WKSZHL,北京五棵松文化体育中心配套综合楼,2020/12/1,343625782.2,374219196.7,22684325.73,24726063.2,341908204.8,22552457.86
U_ORG_XM_XCQ9HZCB,北京西城区金融大街9号商业办公扩建（总承包）,2020/12/1,272541579.5,277011769.5,-578.9771285,-596.3464422,270623053,-526.56
U_ORG_XM_XDWLEQ,北京西大望路二期,2020/12/1,143162867.8,157323189.9,16525567.49,18182533.97,142278002.6,16426455.73
U_ORG_XM_BJXHFTFKT,北京西华府商办楼通风空调工程,2020/12/1,31998450.07,32958403.57,1150751.836,1185274.391,31546839.1,1134510.67
U_ORG_XM_XZMGZ,北京西直门南小街115号综合维修改造,2020/12/1,895114.5758,975674.8876,895114.5758,975674.8876,886163.43,886163.43
U_ORG_XM_XGLSYJR,北京霞光里5号、6号商业金融,2020/12/1,546785888.3,591797928.3,15369278.65,16954535.84,543225587.9,15362759.91
U_ORG_XM_BJXSJDAZF,北京香山军队安置房,2020/12/1,247094651.6,274275063.3,21299606.37,23642563.15,242197284,20675792.11
U_ORG_XM_WKCYWYCZZX,北京祥筑万科长阳文娱创作中心,2020/12/1,44134519.13,48534641.35,1424967.791,1567203.941,43061059.75,1389341.54
U_ORG_XM_BJWKZYC,北京祥筑万科长阳中央城,2020/12/1,162068144.6,166565468.3,1092871.268,1125657.406,159204634.4,1072969.14
U_ORG_XM_BJXHBX,北京新华保险大厦改造,2020/12/1,116042502.6,117004135.5,-8839205.806,-8912455.443,113416441,-8543801.26
U_ORG_XM_XJCAZF,北京新机场安置房,2020/12/1,619839996.2,636659253.8,3053134.778,3143509.927,616228594.5,3022279.28
U_ORG_XM_BJXJCGL,北京新机场道路及综合管廊,2020/12/1,417798092.9,463079729.5,61581534.94,68345354.37,404079925.2,59516692.73
U_ORG_XM_BJNHHS,北京新机场南航航空食品设施,2020/12/1,659131155.4,727943007.4,6209678.665,6847260.769,643358267.4,6060772.05
U_ORG_XM_XJCXXZX,北京新机场信息中心,2020/12/1,26877410.48,28830922.7,806143.2502,845988.988,26328914.24,783013.36
U_ORG_XM_XJK1H,北京新街口1号工程,2020/12/1,214667683.1,233987774.5,176035677.4,191878888.4,211376088.9,173302558.1
U_ORG_XM_BJXYDHLWJD,北京新一代互联网云计算产创基地机电,2020/12/1,81318459.02,88637120.33,35971558.43,39208998.7,80755281.23,35722434.4
U_ORG_XM_YZYJSZX,北京亦庄云计算中心,2020/12/1,56128535.22,56804568.56,0,0,37836962.06,0
U_ORG_XM_BJYCCF,北京盈创2#厂房等5项,2020/12/1,148361367.3,162113950.1,7509536.761,8212771.563,145801090.5,7322916.69
U_ORG_XM_YDDSGZ,北京盈都大厦D座室内外装修改造,2020/12/1,8504304.508,9269691.915,8504304.508,9269691.915,8126827.43,8126827.43
U_ORG_XM_BJYABGZX,北京永安宾馆装修,2020/12/1,133985942.4,140411965.8,5801325.297,6086157.66,132788463.5,5735262.15
U_ORG_XM_BJYDHHHLJZL,北京永定河混合垃圾治理,2020/12/1,21328746.67,23248333.87,21254.98657,23167.93536,20966276.59,20893.77
U_ORG_XM_BJYYYH,北京远洋瀛海,2020/12/1,791223331.1,862471404.9,105992314.9,115597557.8,782619766,104931398.2
U_ORG_XM_BJZYLHC,北京张仪-莲花池π入岳各庄220千伏线路,2020/12/1,50443.37688,54983.28081,50443.37688,54983.28081,50191.16,50191.16
U_ORG_XM_ZSJMDK,北京招商嘉铭10地块商业办公,2020/12/1,245990724.3,249774012.4,0,0,244151278.3,0
U_ORG_XM_BJZSJD,北京招商嘉铭酒店,2020/12/1,2900930.951,3220033.358,0,0,2566080.45,0
U_ORG_XM_BJZCCF,北京中钞厂房,2020/12/1,335904087.7,369494496.5,97128408.94,106841249.8,330587907.9,95770116.95
U_ORG_XM_GMSQB,北京中国国际贸易中心三期B阶段工程,2020/12/1,815643600.6,819793273.3,41034959.01,41243809.27,798314854.8,40162814.78
U_ORG_XM_BJZGYD,北京中国移动博瑞琪大厦装修改造,2020/12/1,62026168.16,67608523.29,62026168.16,67608523.29,61607394.07,61607394.07
U_ORG_XM_ZLKJYEQ,北京中粮科技园标准厂房二期,2020/12/1,488588012.3,532560933.4,34516185.24,37622641.91,467065754.9,33155360.77
U_ORG_XM_BJZXZS,北京中芯北方BO2剩余楼层装修,2020/12/1,38603936.7,42078291,38603936.7,42078291,38386036.55,38386036.55
U_ORG_XM_ZZWKGC,北京住总·万科广场,2020/12/1,33174981.74,33254603.79,4268920.898,4279166.578,30007936.11,3861388.88
U_ORG_XM_ZHJFBG,北京总后京丰宾馆老客房楼改造,2020/12/1,11563708.86,11910620.12,18158.05576,18702.79743,10856307.44,17047.25
U_ORG_XM_ZGRNJCYGZ,北京最高人民检察院西区改造,2020/12/1,18928631.14,18928631.14,-278373.2107,-278373.2107,14658329.62,-215572.18
U_ORG_XM_BQDLZCJD,北汽动力总成基地项目（一期）二标段,2020/12/1,671827536.5,677913815.1,231171.6956,231784.5568,662158192.5,232740.94
U_ORG_XM_CZQLDXF,常州青龙西路定销房,2020/12/1,128220848,139760724.3,15122532.67,16483560.61,121924795.1,14357197.81
U_ORG_XM_CZXBQZZ,常州市新北区住宅EPC,2020/12/1,15288039.76,16663963.33,15288039.76,16663963.33,14870059.51,14870059.51
U_ORG_XM_CZXBQZZFZ,常州市新北区住宅EPC(发展),2020/12/1,656787.652,715898.5407,656787.652,715898.5407,620401.66,620401.66
U_ORG_XM_CHOFG,巢湖欧菲光光学光电产业基地建设,2020/12/1,646974454.2,705202155.1,586569613.9,639360879.2,620337284.4,562438729.4
U_ORG_XM_CDYSDC,成都528艺术东村产业展示,2020/12/1,555860643.4,572156935,14193953.37,14619771.97,548337683.4,14017096.06
U_ORG_XM_CDCHQSPZZSQ,成都成华区跳蹬河南路9号新建商品住宅项目三期,2020/12/1,0,0,0,0,0,0
U_ORG_XM_CDCHQSPZZ,成都成华区跳蹬河南路9号新建商品住宅项目一期,2020/12/1,209596878.5,228460597.6,126474264.4,137856948.2,202207579.3,122316551.2
U_ORG_XM_CDDJBX,成都大家保险金融广场机电,2020/12/1,18186980.1,19823808.3,18186980.1,19823808.3,18151711.65,18151711.65
U_ORG_XM_CDDYHQJBZ,成都大运会安居保障EPC,2020/12/1,254640.2736,277557.8982,254640.2736,277557.8982,254480.48,254480.48
U_ORG_XM_CDGJTLGZLZX,成都国际铁路港展览中心,2020/12/1,13818059.81,15199865.79,291202.7183,320322.9929,13627759.03,288172.19
U_ORG_XM_CDHJSSJ,成都黄甲尚善居C区,2020/12/1,508612543.4,559473797.8,39839539.59,43823493.55,476161468.6,37279284.24
U_ORG_XM_CDTFC,成都江宇天府城,2020/12/1,193974103,196188515.8,459318.6008,464811.9758,190623759.1,450792.94
U_ORG_XM_CDJNRCGY,成都金牛人才公寓,2020/12/1,828668005.4,903248125.8,243423771.7,265331911.2,813383131.3,239285410.4
U_ORG_XM_CDJTWFPPPJT,成都金堂县五凤镇新型城镇化PPP（集团）,2020/12/1,40486604.52,44535264.97,11641917.7,12806109.47,40081738.47,11525498.52
U_ORG_XM_CDJTWFPPP,成都金堂县五凤镇新型城镇化PPP项目,2020/12/1,403001409.5,443175136.7,23215698.49,25529668.56,400528073.7,23077299.29
U_ORG_XM_CDJXJC,成都锦绣江城EPC,2020/12/1,316418551.1,344896220.7,151376258.1,165000121.3,308838066.9,148032199.2
U_ORG_XM_CDJDFGYZX,成都京东方AMOLED工艺技术测试中心,2020/12/1,204904363.8,226115979.6,26083636.96,28781707.19,203803016.2,25895001.11
U_ORG_XM_CDJDFCK,成都京东方第6代柔性AMOLED触控一体化显示器件,2020/12/1,418134866.3,455767004.3,51124590.06,55725803.17,416566634,50938648.76
U_ORG_XM_CDJDFCKFZ,成都京东方第6代柔性AMOLED触控一体化显示器件（发展）,2020/12/1,7583312.57,8265810.7,287933.0796,313847.0565,7400609.802,275132.8021
U_ORG_XM_CDJDF6DX,成都京东方第6代生产线,2020/12/1,2082208283,2128525750,13291137.3,13586790.63,1733468408,11285945.67
U_ORG_XM_CDJDFJD,成都京东方第6代生产线机电A标段,2020/12/1,137255934.3,151806351.4,21813350.57,24125770.45,136218057.3,21648406.35
U_ORG_XM_CDLTGC,成都乐天广场,2020/12/1,618568071.8,675480665.4,91193071.68,99594493.63,587681223.6,86362804.66
U_ORG_XM_CDPJSQZHT,成都蒲江鹤山街道办社区综合体,2020/12/1,447733625.2,488029651.5,99771939.75,108751414.3,427357221.6,95201455.51
U_ORG_XM_CDQXYG,成都千行云谷,2020/12/1,31883657.85,34753187.05,7666911.749,8356933.806,31644891.75,7609496.8
U_ORG_XM_CDQBJPPPFJ,成都青白江区PPP·房建,2020/12/1,502533735.2,554593934.7,26856766.59,29639200.33,487870278.4,26278404.87
U_ORG_XM_CDQBJPPPSZ,成都青白江区PPP·市政,2020/12/1,86557397.9,96078711.66,1991304.89,2210348.427,85740257.31,1972506.08
U_ORG_XM_CDQBJPPPSZFZ,成都青白江区PPP·市政（发展）,2020/12/1,29947825.22,32643129.49,106015.8716,115557.3,29798904.67,105488.69
U_ORG_XM_CDSJZAZF,成都青白江区大同集中安置房,2020/12/1,946239110.8,948766690.2,6631825.335,6649462.676,748501988.6,5207895.5
U_ORG_XM_CDDTAZF,成都青白江区大同集中安置房(二期),2020/12/1,599776348,617769638.4,8621188.495,8879824.15,597008674.2,8581789.09
U_ORG_XM_QBJWTZX,成都青白江区文化体育中心,2020/12/1,641309438.3,643272804.9,20398.59048,20460.82597,627992424.1,20000
U_ORG_XM_QBJZHDD,成都青白江区智慧大道,2020/12/1,126830159.1,139923895.7,58879.16453,64953.18351,123191268.3,57073.38
U_ORG_XM_CDSLZHKF,成都双流TOD综合开发,2020/12/1,398164.6785,433999.4995,398164.6785,433999.4995,395406.26,395406.26
U_ORG_XM_CDTDJD,成都泰达时代中心机电,2020/12/1,74146943.44,74834209.59,44967.77446,45410.87267,65979774.48,39702.19
U_ORG_XM_CDTHTFLZX,成都泰和泰国际法律服务中心,2020/12/1,269871.5838,294160.0263,269871.5838,294160.0263,264399,264399
U_ORG_XM_CDWJQBLT,成都温江区BLT,2020/12/1,236825515.4,259297334.2,29276920.61,31706457.35,236426908,29232388.31
U_ORG_XM_CDWJQBLTFZ,成都温江区BLT（发展）,2020/12/1,232008568.1,255987543.7,12432536.05,13784499.79,230799159.1,12366567.85
U_ORG_XM_CDWJRX,成都温江区蓉西新城新居B区,2020/12/1,856942154.5,882650419.2,0,0,689906282.5,0
U_ORG_XM_CDXXLJEQ,成都香榭林居二期,2020/12/1,819446359.4,901390995.3,65503036.32,72053339.95,758816246.7,60743846.02
U_ORG_XM_CDXDAZF,成都新都区成青苑及桂荷馨苑小区,2020/12/1,601455586.9,660324870,177212437.5,193071969.5,555410829.3,163965663.4
U_ORG_XM_CDXJYBF,成都新津御宾府,2020/12/1,179497242.6,195651993.7,59840311.79,65225939.31,168270990.5,56414452.59
U_ORG_XM_CDYSW,成都奕斯伟板级封装系统集成电路,2020/12/1,1685853.06,1837579.836,1621729.788,1767685.469,1647202.34,1584549.19
U_ORG_XM_CDZGSF,成都中国商飞民机示范产业园二期,2020/12/1,102064402.5,111250198.7,80881108.01,88160407.74,101806013.9,80703522.8
U_ORG_XM_CDZHYHSY,成都中海·御湖世家,2020/12/1,179853245.5,197018364.1,-877839.0835,-961119.2221,177902911.9,-868436.82
U_ORG_XM_CDZLLYJY,成都中粮·珑悦锦云,2020/12/1,296809955.2,324418213.9,25507460.29,27863573.72,281405853.1,24279371.99
U_ORG_XM_CDZYFSYY,成都中医大附属第二医院,2020/12/1,34516476.56,37622959.45,26234473.79,28595576.43,34364622.22,26119055.91
U_ORG_XM_CDZYFSYYFZ,成都中医大附属第二医院(发展),2020/12/1,4597244.984,5010997.034,4597244.984,5010997.034,4574258.76,4574258.76
U_ORG_XM_CDZG,成都紫光存储器制造基地,2020/12/1,714553830.4,778858486.6,87696049.31,95589269.3,699960155.7,85908835.45
U_ORG_XM_CZHK,滁州惠科第8.6代薄膜晶体管液晶显示器件,2020/12/1,38941147.67,43016106.3,1759559.834,1943687.266,38431018.63,1736509.6
U_ORG_XM_DLGWJ,大连港湾街二号地块,2020/12/1,694179479.5,712585296.9,3486001.512,3634400.912,690428816.8,3479235.45
U_ORG_XM_DLXHW,大连星海湾壹号二期,2020/12/1,37572307.96,37572307.96,2284877.851,2284877.851,36556218.83,2223086.61
U_ORG_XM_DQBYNKDX,大庆市八一农垦大学基础教学实验楼,2020/12/1,75523473.37,82904371.32,1435912.169,1556654.117,74444633.15,1413873.869
U_ORG_XM_DQYGLQLHJJGC,大庆豫港龙泉铝合金加工材,2020/12/1,31400218.31,34226237.96,2039834.72,2223419.845,30396956.96,1973229.26
U_ORG_XM_DTZLDSJ,大同中联绿色大数据产业基地,2020/12/1,182506249.1,199663849.3,66117935.61,72626113.13,169494747.1,62028822.76
U_ORG_XM_DYDWDYMYY,德阳市人民医院城北第五代医院,2020/12/1,94650080.36,103168587.6,94034861.25,102497998.8,93522248.53,92914360.25
U_ORG_XM_DGOPPOJD,东莞OPPO滨海湾数据中心机电,2020/12/1,77888760.96,84898749.45,77888760.96,84898749.45,77340146.13,77340146.13
U_ORG_XM_DGHWSYS,东莞华为研发实验室一期,2020/12/1,282961096.1,289532408.9,5495723.625,5602528.746,281532379.8,5468043.23
U_ORG_XM_DGXTC,东莞小天才生产中心,2020/12/1,267798852.8,291900749.5,101361191.8,110483699,266040639,100690475.2
U_ORG_XM_DJYJL,都江堰锦庐-4期房地产开发,2020/12/1,12204187.5,13299688.19,12204187.5,13299688.19,11843958.26,11843958.26
U_ORG_XM_ELSTLHFCJ,俄罗斯图拉州哈佛发动机车间,2020/12/1,15752250,18902700,15752250,18902700,,
U_ORG_XM_EEDSYSGD,鄂尔多斯源盛光电第5.5代AM-OLED,2020/12/1,107643844.9,108372215.5,6253789.374,6296174.842,99289688.23,5767901.15
U_ORG_XM_FLBMPEGLFXC,菲律宾梅普尔格罗夫新城第一项目,2020/12/1,46404464.29,51973000,32462410.71,36357900,,
U_ORG_XM_FLBXGLLDS,菲律宾香格里拉大厦地下结构工程,2020/12/1,16016944.29,17938977.6,16016944.29,17938977.6,,
U_ORG_XM_FNWSCLC,丰宁污水处理厂扩容提标改造及配套管网,2020/12/1,4456440.387,4857520.022,4456440.387,4857520.022,4181109.18,4181109.18
U_ORG_XM_FSLQG,佛山国际体育文化演艺中心,2020/12/1,416940112.2,429448315.6,4068.765441,4190.828404,411397748.2,4008.67
U_ORG_XM_FSJXLJHY,佛山建鑫乐家花园,2020/12/1,4597551.459,5057306.607,1252430.889,1377673.979,4541799.78,1237243.43
U_ORG_XM_FSJHGCEQ,佛山捷和广场二期,2020/12/1,336178673.1,366521464.4,124666753.9,135915543.5,318047642.2,117863780.5
U_ORG_XM_FSJRJRCHY,佛山金融街融辰花园,2020/12/1,422382568.1,460004876,126231826.4,137555623.9,402126425.4,120135005.8
U_ORG_XM_FSJRJSS,佛山金融街三水,2020/12/1,507166902.9,552837801.4,39877779.3,43479903.47,495448449.3,39005101.04
U_ORG_XM_FSJRJSD,佛山金融街顺德陈村,2020/12/1,258478950.1,281742055.6,258478700.6,281741783.7,253754839.3,253754594.3
U_ORG_XM_FSLC,佛山绿城,2020/12/1,389750542.6,429071405.9,-9463503.336,-10421930.93,386887712.2,-9393191.065
U_ORG_XM_FSSDYXQ,佛山市东亚项目西区EPC,2020/12/1,241161792.7,262878101.3,58716807.98,64012053.47,222954221.4,55524044.9
U_ORG_XM_FSLSHLYZL,佛山市南海区里水河流域治理,2020/12/1,304651904.2,332070575.6,156044471.3,170088473.7,304154705.6,155583753.3
U_ORG_XM_FSYGBJSQGZ,佛山市原干部家属区部分政府旧物业修缮改造,2020/12/1,17489087.64,19063110.84,13656728.74,14885839.64,17302168.21,13511616.43
U_ORG_XM_FSSDGZSYXX,佛山顺德光正实验学校,2020/12/1,156680017.2,161380417.7,12525737.4,12901509.52,155083454.6,12400788.93
U_ORG_XM_FSYCZD,佛山怡翠尊堤嘉园D2区,2020/12/1,292307502.6,301076727.7,8582908.374,8840395.625,286594511.4,8281414.73
U_ORG_XM_FJJHCCQSCX,福建省晋华集成电路有限公司存储器生产线,2020/12/1,1808382611,1989591108,132449737.2,145760227.4,1800322035,132015972.8
U_ORG_XM_FJ6AMOLED,福州第6代AMOLED柔性生产线,2020/12/1,7704832.9,8398267.861,32861.20864,35818.71742,7688458.12,32791.37
U_ORG_XM_FZJDF,福州第8.5代新型半导体显示器件生产线,2020/12/1,26707072.06,26951308.88,0,0,22201747.43,0
U_ORG_XM_FZJDFJD,福州第8.5代新型半导体显示器件生产线机电,2020/12/1,45787193.09,50743726.82,0,0,45175405.73,0
U_ORG_XM_FXMNWGQ,复兴门内危改区4·2号地项目空调系统工程,2020/12/1,9877788.233,9906861.299,0,0,7345120.46,0
U_ORG_XM_GSQYZDYQ,甘肃庆阳正大一期,2020/12/1,72943209.85,80019475.22,3340369.848,3664421.168,71985320.53,3306074.94
U_ORG_XM_GDHYJDEQ,广东阿里巴巴云计算数据中心河源江东二期,2020/12/1,119133466.3,129855478.2,119133466.3,129855478.2,118498941.8,118498941.8
U_ORG_XM_GDHYALEQ,广东阿里巴巴云计算数据中心河源源城区二期项目,2020/12/1,153603770.5,167428109.8,8299701.75,9046674.907,138483652.3,7715698.586
U_ORG_XM_GDHYSQJD,广东阿里巴巴云计算数据中心河源源城区三期机电,2020/12/1,93445801.97,101855924.2,93334156.76,101734230.9,92997049.83,92886151.51
U_ORG_XM_GDHYSQ,广东阿里巴巴云计算数据中心河源源城区三期项目,2020/12/1,122724230.8,133769411.6,122724230.8,133769411.6,121511900.4,121511900.4
U_ORG_XM_GDHYAL,广东阿里巴巴云计算数据中心河源源城区项目,2020/12/1,236556349.7,260211984.7,22195951.55,24415546.7,235204045.3,22072450.03
U_ORG_XM_GDGSZYXY,广东工商职业学院体育馆·图书馆,2020/12/1,256509979.4,264205278.7,6049873.109,6231369.302,253917364.8,5986351.27
U_ORG_XM_HZXLW,广东惠州金融街巽寮湾海世界,2020/12/1,449749205,460227316.9,0,0,445122245.3,0
U_ORG_XM_GXNNDXCFJF,广西南宁电信东盟信息园动力中心柴发机房,2020/12/1,8308936.779,9056741.087,8305057.375,9052512.536,4245919.5,4243937.1
U_ORG_XM_GZLGGP3,广州LG Display GP3,2020/12/1,445992867,486132225,44771259.98,48800673.38,443472963,44518297.91
U_ORG_XM_GZLGDDGC,广州LG-Display-D工程,2020/12/1,34465526.53,34487332.47,2703999.048,2705709.837,31225945.26,2449837.12
U_ORG_XM_GZALBB,广州阿里巴巴华南运营中心,2020/12/1,706763752.3,772233424.8,33371554.05,36506306.22,666855365.5,31560600.52
U_ORG_XM_GZBLSYL,广州保利三元里,2020/12/1,409851292.4,447368861.4,152406559.6,166349065.1,405289174.4,150724373.5
U_ORG_XM_GZCSJ,广州超视堺第10.5代TFT-LCD显示器件生产线,2020/12/1,2279245248,2506846615,92633652.8,101903713.2,2271805180,92330623.51
U_ORG_XM_GZCSJFZ,广州超视堺第10.5代TFT-LCD显示器件生产线（发展）,2020/12/1,417871710.9,459658882.1,137701.4544,151471.5999,416954670.4,136906.19
U_ORG_XM_GZKNBLC,广州第10.5代TFT-LCD显示器生产线玻璃工厂建设,2020/12/1,176863769.8,194583357.1,6393934.068,7034249.688,175225642.2,6334692.41
U_ORG_XM_GZBYHYC,广州黄石路白云汇广场影城,2020/12/1,12679243.02,14073959.75,1365756.961,1515990.227,12571604.74,1354162.6
U_ORG_XM_GZPY,广州金融街番禺市桥,2020/12/1,33364964.44,33860080.33,0,0,32865577.29,0
U_ORG_XM_JRJHZQ,广州金融街海珠区石岗路,2020/12/1,420439354.4,451781268.6,6354969.906,6937971.875,410670662.5,6189659.41
U_ORG_XM_GZWXN,广州维信诺第6代柔性AMOLED模组生产线,2020/12/1,555489086.4,605025457.4,65684611.94,71418134.45,551968860.3,65277167.97
U_ORG_XM_GZWXNJD,广州维信诺第6代柔性AMOLED模组生产线机电,2020/12/1,57912750.21,63124897.72,10798946.04,11770851.19,57101584.8,10650749.78
U_ORG_XM_GZXYNBDT,广州芯粤能半导体,2020/12/1,166481.4751,181464.8079,166481.4751,181464.8079,164816.38,164816.38
U_ORG_XM_GZYLSQ,广州养老社区项目示范区工程,2020/12/1,1653792.359,1653792.359,0,0,1502957.79,0
U_ORG_XM_GZYXBDT,广州粤芯半导体,2020/12/1,411383202.9,448128569.4,36090251.8,39049383.62,398898398.3,34312186.51
U_ORG_XM_GYSGZFYYYJD,贵阳市贵州妇女儿童国际医院机电,2020/12/1,109195856,119272123.7,3128484.036,3416399.456,107187363.6,3062925.52
U_ORG_XM_GYWK,贵阳万科劲嘉大都会商业综合体,2020/12/1,462003982.5,463729922.5,1197715.893,1201738.169,414724268.2,1087530.5
U_ORG_XM_GJNYQXZX,国际农业科技创新中心,2020/12/1,506315458,509459504.4,10948203.12,10997775.94,483621981.8,10475987.66
U_ORG_XM_HEBHRHLS,哈尔滨华润·欢乐颂,2020/12/1,272319575.7,280600283.6,402208.8571,414439.245,267744966.9,395452.28
U_ORG_XM_HEBHRXFL,哈尔滨华润·幸福里,2020/12/1,26220479.38,26220479.38,0,0,25249637.04,0
U_ORG_XM_HEBSZCYY,哈尔滨深圳产业园科创总部,2020/12/1,526363251.8,573735944.4,116920634.7,127443491.8,523821821.1,116574562
U_ORG_XM_HEBZGBY,哈尔滨中国北药智慧产业新城A1地块,2020/12/1,158099525.7,172328480.2,120078202.4,130885237.8,152271625.5,116114827.4
U_ORG_XM_HKKGBSQ,海口空港综合保税区监管设施,2020/12/1,52163158.26,56857842.49,42309380.48,46117224.72,51864871.45,42072902.43
U_ORG_XM_HKT,海口塔,2020/12/1,77864205.28,86429267.86,510737.6525,566918.7942,77450018.3,508020.86
U_ORG_XM_HKTSZ,海口塔南塔试桩工程,2020/12/1,1517207.857,1525878.919,0,0,1290482.78,0
U_ORG_XM_HZALYZB,杭州阿里云计算公司总部,2020/12/1,1839105045,2006848243,396161287.1,431917907.6,1803852887,392842008
U_ORG_XM_HZCNYG,杭州菜鸟西湖云谷产业园,2020/12/1,422165652.2,460160560.9,389940250.8,425034873.3,200563070.9,185253380.4
U_ORG_XM_HZDTSHX,杭州地铁3号线一期工程星桥车辆段,2020/12/1,223537673.1,243656063.7,94394698.71,102890221.6,222571902.2,93979482.94
U_ORG_XM_HZHKGD,杭州海康高端安防产品及红外传感芯片研发、产业化,2020/12/1,213504496.4,232719901.1,118695506.6,129378102.1,211857865.3,117752109.2
U_ORG_XM_HZHKWSSQ,杭州海康威视智能安检产品产业化基地,2020/12/1,46709492.03,50913346.31,46709492.03,50913346.31,21608857.98,21608857.98
U_ORG_XM_HZHPDX,杭州湖畔大学,2020/12/1,155169694.2,171152739.7,735492.8032,812016.6248,151287542.1,719783.47
U_ORG_XM_HZLXYTC,杭州理想银泰城,2020/12/1,1085273583,1106858785,6389658.663,6516743.737,1179469139,6971835.97
U_ORG_XM_HZRHALY,杭州仁和阿里云计算数据中心,2020/12/1,488883116.3,535447413.8,24320677.35,26618293.11,474492189.5,23618551.29
U_ORG_XM_RHALYEQ,杭州仁和阿里云计算数据中心二期,2020/12/1,119459324,130210663.6,98364262.68,107217046.7,117991593.2,97155715.24
U_ORG_XM_HZZX,杭州中芯晶圆半导体股份有限公司半导体大硅片（200mm、300mm）,2020/12/1,724643028.5,796142904.3,40432477.5,44422629.08,716780898.9,39978038.05
U_ORG_XM_HFDC,合肥鼎材新型显示配套高端电子材料生产基地,2020/12/1,70827063.72,77188392.66,70602599.4,76943726.55,50230601.76,50071546
U_ORG_XM_HFJDFSDWD,合肥京东方第10.5代薄膜晶体管液晶显示器件（TFT-LCD）,2020/12/1,3465421453,3800388555,145628217,160695719.8,3450952542,144890619.2
U_ORG_XM_HFJHTJ,合肥晶合二厂厂务及配套项目L40土建,2020/12/1,61200.81407,66708.8873,61200.81407,66708.8873,60894.81,60894.81
U_ORG_XM_HFLXYFJD,合肥联想研发基地,2020/12/1,177515949.3,179930914.2,240216.9719,243397.9494,172166918,222451.05
U_ORG_XM_HFSY,合肥视涯OLED微型显示器件厂,2020/12/1,84848939.51,93112111.86,2608706.636,2865813.558,82705523.56,2538234.78
U_ORG_XM_HFV3,合肥维信诺第六代AMOLED生产线,2020/12/1,1359319527,1490106189,128318231.4,140743168.9,1352449722,127665589.2
U_ORG_XM_HFV3FZ,合肥维信诺第六代AMOLED生产线（发展）,2020/12/1,31299574.06,34116535.73,5063606.864,5519331.482,31143854.79,5038414.79
U_ORG_XM_HFYJCLCJ,合肥邮件处理车间,2020/12/1,110386600,121258017.9,4904878.304,5387084.959,108876242.2,4858615.14
U_ORG_XM_HFYJCLCJFZ,合肥邮件处理车间（发展）,2020/12/1,6562019.572,6857352.315,22193.22726,24190.3665,6544916.42,22077.57
U_ORG_XM_HFCX,合肥长鑫12吋存储器晶圆制造基地项目一期改扩建,2020/12/1,55734344.25,60750435.23,1281285.133,1396600.794,54250982.85,1236671.75
U_ORG_XM_HFZJCF,合肥整机智能制造生产线,2020/12/1,471094572.5,521226500.7,6139867.657,6794340.075,457529730.8,5940181.55
U_ORG_XM_HBGAYG,河北固安第6代有源矩阵AMOLED面板生产线,2020/12/1,1281874334,1417555689,11295707.59,12490875.18,1277525688,11257083.46
U_ORG_XM_HBGAYGFZ,河北固安第6代有源矩阵AMOLED面板生产线（发展）,2020/12/1,597234163,660994488.8,4677515.412,5176356.557,593167161.1,4644879.52
U_ORG_XM_HBGAZSJD,河北固安第6代有源矩阵AMOLED面板生产线装饰机电,2020/12/1,66977087.84,74344567.51,-341076.586,-378595.0103,66485229.15,-334111.71
U_ORG_XM_XAXQRDPQ,河北建投雄安·金湖未来城项目一第二标段,2020/12/1,670954629,731565099.1,670954629,731565099.1,582357390.7,582357390.7
U_ORG_XM_HNAYZZC,河南安阳内黄正大一期,2020/12/1,25310136.31,31932379.76,685541.1422,877279.053,24417957.81,659360.85
U_ORG_XM_HNWYBWH,河南舞阳北外环,2020/12/1,44666334.14,48686304.21,40810430.18,44483368.9,41436927.64,37859808.18
U_ORG_XM_HNXYSWBG,河南新乡中蓝商务地块自持办公,2020/12/1,164935476.9,179779669.9,103023266.5,112295360.5,139860333.9,87336835.28
U_ORG_XM_HMHT,后帽胡同23号翻、扩建工程,2020/12/1,21827633.99,22004740.86,0,0,19996258.33,0
U_ORG_XM_HHHTKDJD,呼和浩特凯德广场·诺和木勒改造项目机电,2020/12/1,52348902.14,57060303.34,5939277.701,6473812.694,51040408.88,5777613.61
U_ORG_XM_HSQY,呼和浩特群众艺术馆,2020/12/1,2345054.823,2556109.755,-49093.34927,-53511.75064,2266950.61,-47458.25
U_ORG_XM_HBXYZDYQ,湖北襄阳正大一期,2020/12/1,58375674.24,64408635.74,0,0,57955631.04,0
U_ORG_XM_HXGDAZB,华星光电第8.5代TFT-LCD A标段施工总承包,2020/12/1,43784777.91,43784777.91,33210.60027,33210.60027,39637849.99,30065.17
U_ORG_XM_HXGDAZBJD,华星光电第8.5代TFT-LCD（综合）,2020/12/1,6281416.43,6281416.43,0,0,5656944.37,0
U_ORG_XM_HAXJCF,淮安第三园区新建厂房,2020/12/1,47347075.4,51608312.18,47347075.4,51608312.18,45673668.44,45673668.44
U_ORG_XM_HNYGDSJ,淮南云谷大数据产业园(B地块),2020/12/1,21895390.55,23865975.7,21736833.89,23693148.94,21752133.02,21594613.77
U_ORG_XM_JLMHKKMWLY,吉林梅河口康美医疗健康中心物流园,2020/12/1,21259001.4,23382950.54,14552.80128,16007.99306,20669519.58,14264.2
U_ORG_XM_JLMHKKMYLY,吉林梅河口康美医疗健康中心医疗园,2020/12/1,90764822.24,100703970,-746059.7441,-828562.4876,88862377.35,-727172.18
U_ORG_XM_JLMHKKMYYY,吉林梅河口康美医疗健康中心医养园,2020/12/1,182180862,202220756.2,-1846451.344,-2049560.982,179043815.1,-1805671.12
U_ORG_XM_JL43015GC,吉林省43015-3EPC,2020/12/1,250230872.6,273161739.4,160624963.2,175469654.6,250508337.9,160292789.5
U_ORG_XM_JXGQGC,嘉兴港区滨海中央广场项目二期EPC,2020/12/1,9621547.247,10487486.5,9621547.247,10487486.5,9040560.41,9040560.41
U_ORG_XM_JXJSSDY,嘉兴市嘉善善东苑公寓房,2020/12/1,6707378.144,7311042.178,6707378.144,7311042.178,6687256.01,6687256.01
U_ORG_XM_JSXHLZX,嘉兴市嘉善县健康护理中心,2020/12/1,97456582.81,106227675.3,53215704.59,58005118,95592724.31,52201276.9
U_ORG_XM_JXWHZX,嘉兴市文化艺术中心,2020/12/1,816839831.8,890355416.7,309965443.2,337862333,798418970.4,304156376.6
U_ORG_XM_JXWLCC,嘉兴综合保税区物流仓储,2020/12/1,234627887.6,255744397.5,190006066.8,207106612.9,214226919.6,173629904.8
U_ORG_XM_JMHFSJ,江门华发四季,2020/12/1,422845458.2,460971732.1,88579876.83,96683802.34,408497883.7,85918578.95
U_ORG_XM_JSLYSDSQ,江苏先进动力电池产业化项目（二期）一标段,2020/12/1,183795548.8,200337148.2,183795548.8,200337148.2,181681122.5,181681122.5
U_ORG_XM_JSZJLXCF,江苏镇江力信锂电池研发及产业化工程,2020/12/1,189525493.6,210373297.9,113759.2913,126272.8134,187866338.6,112766.27
U_ORG_XM_JRJAG,金融街A5改扩建,2020/12/1,247964091.8,249326086.5,0,0,244976320,0
U_ORG_XM_JYWKC,金隅万科城A1地块综合体,2020/12/1,50113872.16,50121103.59,131282.3678,131301.338,45183218.74,118359.89
U_ORG_XM_JCGJD,晋城光机电产业园一期项目EPC总承包,2020/12/1,271019878.2,295194081.5,270628085.9,294767027.9,213650023.6,213341912.9
U_ORG_XM_JJHCZGCGZ,九江火车站广场及滨江路改造,2020/12/1,98985978.3,107321424.4,-326479.7052,-354141.838,98561863.65,-325069.09
U_ORG_XM_JJXJKSLYQ,九江新建快速路一期,2020/12/1,226302071.7,245710322.8,155218040.2,168228728.5,221545446.3,152154507.2
U_ORG_XM_KSLFGD,昆山龙飞光电有限公司厂房一期土建工程,2020/12/1,154138981.2,154138981.2,0,0,140270066.6,0
U_ORG_XM_KSYDGJ,昆山友达L6K厂房改建,2020/12/1,5660901.115,5727922.439,17451.84232,17658.46058,5574506.94,17185.5
U_ORG_XM_LFYQWK,廊坊永清紫晶翡丽,2020/12/1,41783258.62,46078731.75,1706957.567,1882316.5,37036607.54,1511279.18
U_ORG_XM_LNTSLSRGZ,辽宁天士力参茸厂区改造,2020/12/1,27499745.51,30424918.93,241196.8268,264003.4095,27329148.17,225225.22
U_ORG_XM_LNTSLGC,辽宁天士力现代中药示范工厂,2020/12/1,141473681.7,156276850.5,16211235.56,17899540.11,141121164.2,16154352.92
U_ORG_XM_LYSTYLJLH,洛阳隋唐园立交亮化,2020/12/1,4460890.113,4862370.227,2728713.336,2974297.538,4421604.66,2704682.54
U_ORG_XM_LYSTYLJLHJT,洛阳隋唐园立交亮化(集团),2020/12/1,40664683.81,44324505.35,6806850.412,7419466.949,40461360.39,6772816.16
U_ORG_XM_LYZDYQ,洛阳正大一期,2020/12/1,28320809.72,31430762.16,-471827.4489,-523718.7354,27728231.11,-466905.66
U_ORG_XM_MYJDF,绵阳京东方第6代AMOLED柔性生产线,2020/12/1,3184559636,3514082963,86612440.15,95283924.08,3168426881,86462084.33
U_ORG_XM_MYZXXZ,绵阳市中心血站迁建,2020/12/1,4098453.84,4467314.685,4098453.84,4467314.685,3882784.03,3882784.03
U_ORG_XM_MYWSCLC,绵阳永兴污水处理厂扩建,2020/12/1,162655738.4,180547869.7,2136897.155,2371955.842,158883211.6,2099967.46
U_ORG_XM_MSKHMY,莫斯科中国贸易中心项目,2020/12/1,1535909479,1843091374,41753500,50104200,,
U_ORG_XM_NCGXWDZ,南昌高新微电子科技园,2020/12/1,165276063.6,180150909.3,9432533.669,10281461.7,154801063.2,8839064.476
U_ORG_XM_NCJKQJD,南昌经开区LED电子信息孵化示范基地机电,2020/12/1,121994513.1,132974019.3,6252935.003,6815699.153,121124876.6,6204868.7
U_ORG_XM_NCSSMZXJD,南昌市市民中心建设工程机电,2020/12/1,199036139.8,216949392.4,118361847.7,129014414,196104961.9,116971642.2
U_ORG_XM_NJHXC,南京海峡城E地块住宅,2020/12/1,387119557.1,387203119.9,0,0,376704562.7,0
U_ORG_XM_NJHSXFDJC,南京华夏幸福大校场项目G地块,2020/12/1,133452860,145463617.4,107719089.8,117413807.9,132715906.1,107124658
U_ORG_XM_NJKGZNGGW,南京空港智能骨干网,2020/12/1,483139511.5,531377991,6125896.657,6681882.548,465445261.3,5889777.268
U_ORG_XM_NJTJD,南京台积电12吋晶圆厂与设计服务中心一期,2020/12/1,1126907785,1250182672,0,0,1067399339,0
U_ORG_XM_NJTS,南京腾讯华东云计算基地,2020/12/1,172645915.7,188184048.1,43568098.69,47489227.57,171153777.3,43255292.77
U_ORG_XM_NJYZJG29DK,南京燕子矶G29B地块,2020/12/1,524462606.1,571839959,159456439.1,174021296.6,498421612.2,154383333.6
U_ORG_XM_NJZGJCDLJD,南京紫光集成电路基地,2020/12/1,18964296.12,20764077.15,-608535.1077,-666287.3138,18248776.72,-585575.19
U_ORG_XM_NTALYJS,南通阿里云计算数据中心,2020/12/1,548965856.7,601876138.3,60570708.4,66314297.56,537247231.2,59614261.35
U_ORG_XM_NTJH,南通江海阿里云计算数据中心,2020/12/1,264275819,288060642.7,264275819,288060642.7,246936681.6,246936681.6
U_ORG_XM_NTJSY,南通金属园阿里云计算数据中心,2020/12/1,184255671.6,200838682.1,184255671.6,200838682.1,181110957.5,181110957.5
U_ORG_XM_PJZW,盘锦忠旺铝业一期一标段A区,2020/12/1,441161486.8,454553279.2,1584957.821,1633183.56,427511524.2,1514242.28
U_ORG_XM_QHDLDBDT,秦皇岛礼鼎高端集成电路封装载板智能制造基地,2020/12/1,53951278.06,58747339.73,53951278.06,58747339.73,53638047.7,53638047.7
U_ORG_XM_QDHFSJ,青岛华发四季,2020/12/1,292897934.2,319250163.1,64455535.22,70243063.04,275467093.5,60654932.18
U_ORG_XM_QDHNJD,青岛华能信息产业基地机电,2020/12/1,79552134.09,87049161.13,172059.475,189265.4225,79001262.3,170740.74
U_ORG_XM_QDTKZJ,青岛泰康之家养老,2020/12/1,436289.9355,475556.0297,436289.9355,475556.0297,405749.64,405749.64
U_ORG_XM_QDWKFCZJ,青岛万科翡翠长江,2020/12/1,305754395.4,333272291,24585694.86,26798407.4,294096073.7,23645058.47
U_ORG_XM_QDYGYH,青岛阳光·壹号,2020/12/1,14456387.22,15757462.07,14456387.22,15757462.07,13895381.74,13895381.74
U_ORG_XM_QZSABDT,泉州三安半导体研发与产业化,2020/12/1,556813557.9,608883054.7,25642981.1,28010225.83,536403373.9,24531391.98
U_ORG_XM_XARCWSZZ,容城县农村生活污水综合整治项目（EPC）一标,2020/12/1,66301186.33,72268293.1,7210437.559,7859376.94,65335223.61,7105386.44
U_ORG_XM_SYHTWWLJD,三亚海棠湾国际购物中心物流基地,2020/12/1,58512154.87,63809299.69,2940532.403,3205173.596,57518920.23,2894012.21
U_ORG_XM_SYHXD,三亚海棠湾河心岛,2020/12/1,252971296.9,278268426.6,4592138.438,5051352.281,247747770.8,4496371.26
U_ORG_XM_SYJYJD,三亚海棠湾君悦酒店,2020/12/1,628961379.3,631484179.1,104649.8501,105069.6066,579801710.8,96470.41
U_ORG_XM_XMTBSCX,厦门天马显示科技有限公司第6代柔性AMOLED生产线,2020/12/1,463279052,504824140,408208628,444797377.8,461399019.3,406552883.6
U_ORG_XM_BZDERMYY,山东滨州第二人民医院西院区,2020/12/1,237587748.1,258970645.5,129802894.6,141485155.1,197302127,105590030.6
U_ORG_XM_SDBZZYY,山东滨州中医医院新院,2020/12/1,403075851,443383436,82280496.03,90508545.63,394019043.1,80681479.66
U_ORG_XM_SDRCGEJD,山东荣成歌尔电子4#厂房、2#动力中心机电,2020/12/1,44326971.66,48056429.44,42129675.63,45675720.84,33311514.87,31722006.91
U_ORG_XM_SXDTZDYQ,山西大同正大一期,2020/12/1,236628459.4,257969919.4,39661649.56,43612991.93,233274243.9,39075137.32
U_ORG_XM_SXWNZDYQ,陕西渭南澄城正大一期,2020/12/1,91499806.94,100333764.3,1910477.361,2094926.663,89712904.41,1873167.59
U_ORG_XM_SHGKBDT,上海格科半导体,2020/12/1,267733605,291829629.5,267733605,291829629.5,189303933.4,189303933.4
U_ORG_XM_SHGBSH,上海古北SOHO机电工程,2020/12/1,139313710.7,143251827.3,1905856.966,1944487.583,138499075.2,1893404.74
U_ORG_XM_SHGH,上海国浩长风城二期东地块综合体,2020/12/1,4326065.236,4758671.761,0,0,4181998.32,0
U_ORG_XM_HJJYSSZYYZX,上海黄金交易所深圳运营中心,2020/12/1,194741159,200560344.7,5557282.94,5726805.514,186007130.2,5300307.71
U_ORG_XM_SHPDAZF1101,上海浦东新区安置房11-01地块,2020/12/1,440965379.6,482276254,136775076.3,149551615.4,423958016.2,131845629.3
U_ORG_XM_SHPDEQ,上海浦东新区安置房二期,2020/12/1,189187.7606,206214.6591,189187.7606,206214.6591,181892.13,181892.13
U_ORG_XM_SHXYDJD,上海商汤科技新一代人工智能计算和赋能平台机电,2020/12/1,106894745.7,116515272.8,106894745.7,116515272.8,83114875.23,83114875.23
U_ORG_XM_SHTKSYGZ,上海泰康申园一期改造,2020/12/1,23206979.16,25597671.48,4422956.853,4876858.363,22939835.26,4382223.85
U_ORG_XM_TKSJYLSQ,上海泰康松江养老社区08地块,2020/12/1,792051193.3,797881878.4,27833197.21,28016581.93,766099444.1,27005322.17
U_ORG_XM_SHTXGKJCF,上海腾讯改扩建厂房,2020/12/1,48777657.53,54119879.41,1412334.307,1567076.83,48395523.1,1401280.74
U_ORG_XM_SHTY,上海天岳碳化硅半导体材料,2020/12/1,245935.1722,268069.3377,245935.1722,268069.3377,249660.67,249660.67
U_ORG_XM_SHWDNZJD,上海万科南站商务城三期机电,2020/12/1,16883440.46,18402950.11,15506164.74,16901719.58,13907612.81,12802402.03
U_ORG_XM_SHWKXMJD,上海万科莘闵综合机电,2020/12/1,17144267.77,19030137.22,1562235.668,1734081.591,16041471,1463664.43
U_ORG_XM_SRHXLIVEXJYQ,上饶华熙Live·信江一期,2020/12/1,84535527.17,92989079.89,6061562.773,6667719.05,78619686.19,5726083.078
U_ORG_XM_SXQQJD,绍兴钱清B地块商业机电,2020/12/1,7053418.213,7688225.853,7053418.213,7688225.853,6734882.25,6734882.25
U_ORG_XM_SZDSDS,深圳达实大厦改扩建,2020/12/1,209118648,230804227.4,18809338.14,20759841.22,206013424.4,18533827.69
U_ORG_XM_SZDXXLXQ,深圳大学西丽校区,2020/12/1,438727275,451244279.7,87022943.43,89365812.09,436245658.1,86553062.98
U_ORG_XM_SZGMQJRJ,深圳光明区金融街,2020/12/1,325038063.6,354291489.3,77019292.67,83951029.01,295827936.5,70132406.55
U_ORG_XM_D11DTFT_SZHXGD11D,深圳华星光电第11代TFT-LCD及AMOLED新型显示器件,2020/12/1,728303278,799960496.2,9984060.322,10961869.3,717883323.3,9844983.25
U_ORG_XM_SZHXDZQZ,深圳华星光电第11代大宗气体站,2020/12/1,61583132.01,67660015.24,7925520.422,8242923.515,61156190.48,7903220.74
U_ORG_XM_SZJCKFQ,深圳机场开发区西区,2020/12/1,308793297.3,336584694,26547598.36,28936882.21,301363927.1,25932269.87
U_ORG_XM_SZJCBZZ,深圳机场调蓄池泵闸站,2020/12/1,118138361.3,121612455.1,80559712.82,82929753.09,116911794.8,79724549.76
U_ORG_XM_SZJSDX,深圳技术大学建设项目（一期）,2020/12/1,1270258069,1308365811,15650442.1,16119955.36,1266235295,15580155.22
U_ORG_XM_SZJLSWZX,深圳嘉里商务中心,2020/12/1,583908940,642299834,334932642.2,368425906.5,557546742.1,326337695.6
U_ORG_XM_SZQHJLSQ,深圳嘉里商务中心(三期),2020/12/1,35839694.59,39065267.1,35839694.59,39065267.1,33850496.96,33850496.96
U_ORG_XM_SZJLSWZXYQ,深圳嘉里商务中心（一期）,2020/12/1,8717167.88,8978682.913,8717167.88,8978682.913,8696316.48,8696316.48
U_ORG_XM_SZLDBDT,深圳礼鼎高端集成电路载板及先进封装基地,2020/12/1,261718943.6,285273648.6,261718943.6,285273648.6,260153443.1,260153443.1
U_ORG_XM_SZLXCXY,深圳联想创新科技园综合机电,2020/12/1,59518239.68,64874881.25,59518239.68,64874881.25,58454755.15,58454755.15
U_ORG_XM_SZNSZD,深圳南山中国电子科技园,2020/12/1,67623819.99,73709963.78,67623819.99,73709963.78,66531195.9,66531195.9
U_ORG_XM_SZPDSDDSJD,深圳鹏鼎时代大厦机电,2020/12/1,109225463.6,119055755.4,46348033.21,50519356.2,105043979,44334357.65
U_ORG_XM_SZPACXDS,深圳平安财险大厦,2020/12/1,108398872.2,118513854.7,11179233.79,12222397.36,107251167.7,11060870.41
U_ORG_XM_SZPAGJJRZX,深圳平安国际金融中心,2020/12/1,1650889508,1665650677,35919552.34,36248620.3,1543164257,33588637.57
U_ORG_XM_PAGJJRZX,深圳平安国际金融中心（局集团）,2020/12/1,2310409667,2325701554,48969880.05,49215573.81,2308904302,48971919.29
U_ORG_XM_PAJRZXNT,深圳平安金融中心南塔,2020/12/1,1449780777,1490574357,-960561.1968,-985404.549,1444801415,-951900.42
U_ORG_XM_SZQHSDYXZ,深圳前海十单元3小镇,2020/12/1,20892295.15,22772601.71,20892295.15,22772601.71,20703153.35,20703153.35
U_ORG_XM_SZQWXXSNZX,深圳前湾信息枢纽中心,2020/12/1,250992745.7,273582092.9,96612122.87,105307213.9,238354949.1,91749491.76
U_ORG_XM_SZRYJD,深圳柔宇国际柔性显示产业园机电,2020/12/1,52870662.09,58561910.06,626940.9118,694861.3064,52241084.92,621044.48
U_ORG_XM_SZSSGL,深圳石厦村综合管廊,2020/12/1,48968996.46,54298940.53,4121832.779,4571507.984,48250279.01,4066747.48
U_ORG_XM_SZSCZX,深圳市创新创业无障碍服务中心,2020/12/1,5453328.324,5944127.873,5453328.324,5944127.873,4954499.09,4954499.09
U_ORG_XM_SZSCSWDS,深圳首创商务大厦,2020/12/1,119699262.4,130516960.6,8223630.971,8968243.245,117625835,8082265.8
U_ORG_XM_SZSMYF,深圳水木一方大厦,2020/12/1,109639945.9,120379036.2,784964.6557,855611.4747,107647424.9,776417.33
U_ORG_XM_TXBHDXJD,深圳腾讯滨海大厦项目机电专业分包,2020/12/1,332308082.9,342277325.4,1265469.785,1303433.878,321975971,1226123.84
U_ORG_XM_TXBHDAJDJT,深圳腾讯滨海大厦项目机电专业分包（局集团）,2020/12/1,169730.2177,173279.7208,0,0,169496.31,0
U_ORG_XM_WRKTDX,深圳微软科通大厦,2020/12/1,97234876.57,98276634.63,-6516840.544,-6587455.304,94593153.87,-6308651.08
U_ORG_XM_WRKTDSF,深圳微软科通大厦[发展],2020/12/1,9430434.171,9510612.25,0,0,8677904.91,0
U_ORG_XM_SZXL,深圳西丽高尔夫球俱乐部员工宿舍,2020/12/1,10679466.51,10878657.16,0,0,10031137.89,0
U_ORG_XM_SZXGDX,深圳香港中文大学二期II标,2020/12/1,141798691.4,146052652.1,141798691.4,146052652.1,137680654,137680654
U_ORG_XM_SZXMGJZB,深圳小米国际总部,2020/12/1,6780675.109,7386626.684,6780675.109,7386626.684,6606664.09,6606664.09
U_ORG_XM_SZYHDSJD,深圳宇宏大厦机电,2020/12/1,50022386.7,54524401.51,29283019.28,31918491.02,47783652.27,27972467.99
U_ORG_XM_SZYCC,深圳悦彩城,2020/12/1,3503652.198,3889053.941,-2160.165319,-2397.783504,3252924.54,-2005.58
U_ORG_XM_SZYBXQ,深圳职业技术学院北校区,2020/12/1,184967616.2,190516644.7,120940970.4,124569199.5,183118852.6,119732048.5
U_ORG_XM_SZYLXDXQ,深圳职业技术学院留仙洞校区,2020/12/1,394592868.8,406430654.8,137365724.9,141486696.6,368617931.5,129942736.7
U_ORG_XM_SZYXSGYCJ,深圳职业技术学院学生公寓拆建,2020/12/1,228579882.8,235437279.3,7817721.013,8052252.643,227736134.1,7788054.42
U_ORG_XM_SZGJYSBLJYZB,深圳至正大厦,2020/12/1,59545223.98,64904294.13,40656703.52,44315806.84,55101595.22,37622651.67
U_ORG_XM_SYFDSJC,沈阳方大·世纪城 01-C 医养项目三标段,2020/12/1,11865432.13,12933321.02,11865432.13,12933321.02,11774666.73,11774666.73
U_ORG_XM_SYXSWSQ,沈阳华润橡树湾4期,2020/12/1,19143941.02,19143941.02,0,0,17837724.95,0
U_ORG_XM_SYJLSY,沈阳嘉里A2地块商业,2020/12/1,311659303.2,311659303.2,573613.3657,573613.3657,304848589.9,561293.84
U_ORG_XM_SYJLZXT,沈阳嘉里中心A2地块T2办公楼总承包工程,2020/12/1,189156669.3,194831369.4,11486855.96,11831461.63,182670678.3,11096424.77
U_ORG_XM_SYJLZXBDK,沈阳嘉里中心B地块3a1、3a2期,2020/12/1,299956488.8,326952572.8,193989039.3,211448052.8,293066654.7,189533218.6
U_ORG_XM_SYJLZX,沈阳嘉里中心T1及T4楼,2020/12/1,20645583.81,22009575.94,429554.2023,457933.5669,19537475.33,406498.78
U_ORG_XM_SYJLZXJD,沈阳嘉里中心居住商业（C地块）机电工程,2020/12/1,93320581.68,93631900.8,0,0,85424770.07,0
U_ORG_XM_SYJLZXJDJJT,沈阳嘉里中心居住商业（C地块）机电工程（局集团）,2020/12/1,363464.4308,364833.7638,0,0,361496.08,0
U_ORG_XM_SYLCQYCSQ,沈阳绿城全运村四期,2020/12/1,232720108.5,252580355.4,2230224.046,2418745.276,227711964.3,2184439.497
U_ORG_XM_SYJLDK,沈阳市沈河区金廊22-1地块,2020/12/1,161928399.5,176501955.5,161928399.5,176501955.5,160328054.4,160328054.4
U_ORG_XM_SYSKRY,沈阳首开如院,2020/12/1,181177831.7,197483836.6,74440529.66,81140177.33,172292944,71295741.92
U_ORG_XM_SYSNYG,沈阳苏宁电子商务运营中心(一期),2020/12/1,131185472.5,142992165,91967085.22,100244122.9,130373838,91384322.64
U_ORG_XM_SYTK,沈阳泰康之家沈园,2020/12/1,234948241.1,258443065.3,26434365.6,29077802.16,224380512.8,25245375.24
U_ORG_XM_SYZHHPZM,沈阳中海和平之门5.1期,2020/12/1,61892919.08,68082210.99,2215571.56,2437128.716,61821652.81,2213056.45
U_ORG_XM_SYZHSYEQ,沈阳中海商业二期,2020/12/1,10078649.72,10078649.72,0,0,9735597.42,0
U_ORG_XM_SYZJCLY,沈阳中集车辆园,2020/12/1,136621.3361,136621.3361,0,0,127286.19,0
U_ORG_XM_SCGAJDGZ,四川广安富盈酒店机电改造,2020/12/1,9457398.055,9741119.996,0,0,9390498.39,0
U_ORG_XM_SCGAFY,四川广安富盈洋房及商业,2020/12/1,136242540.8,140329817,11495480.53,11840344.94,134035744.5,11308705.8
U_ORG_XM_SCGCCYY,四川国际创新设计产业园A地块,2020/12/1,249217775.6,271647375.4,177789792.8,193790874.1,248543654.9,177308556.7
U_ORG_XM_SCTKXNYY,四川泰康西南医院,2020/12/1,257944291.1,281159277.3,257944291.1,281159277.3,221126391.3,221126391.3
U_ORG_XM_SZLHTJWQJD,苏州龙湖天街五期机电总包,2020/12/1,36006808.18,39922603.37,4644401.909,5149321.027,34823060.92,4487325.65
U_ORG_XM_SZTK,苏州泰康之家31703地块,2020/12/1,45484339.04,49850219.99,432823.3164,474311.544,44661583.17,423455.86
U_ORG_XM_SZWXGY,苏州文星公寓扩建项目（二标段）,2020/12/1,116578388.1,127070443.1,116578388.1,127070443.1,111769930.1,111769930.1
U_ORG_XM_SZYCGSHLZ,苏州虞城(姑苏)±800千伏换流站土建C包,2020/12/1,99684095.73,108655664.3,99684095.73,108655664.3,98748216.32,98748216.32
U_ORG_XM_TSXSW,唐山橡树湾,2020/12/1,77211266.76,77273159.31,-2490.409334,-2492.405646,75180251.78,-2424.9
U_ORG_XM_TJDYC,天津大悦城B地块办公楼,2020/12/1,441360879.8,441464322,3699.218404,3700.999035,416737656.6,3275.36
U_ORG_XM_TJDTQHX,天津地铁7号线一期工程PPP项目土建10标段,2020/12/1,108842250.4,118638052.9,61108026.25,66607748.61,107074145.8,60115347.55
U_ORG_XM_TJNKXX,天津海河教育园区南开学校,2020/12/1,259199053.5,265477398,19905563.27,20305405.34,254716158.2,19509987.49
U_ORG_XM_TJJLZX,天津嘉里中心,2020/12/1,193326977.3,193584500.5,7859546.686,7870016.076,166757907.8,6779403.37
U_ORG_XM_TJJHS,天津金海墅,2020/12/1,4084154.078,4451727.945,495746.7855,540363.9962,4052153.17,491862.42
U_ORG_XM_TJJRJ,天津金融街（和平）中心,2020/12/1,1170320201,1176574553,6002007.772,6035953.362,1089846260,5207506.47
U_ORG_XM_TJJRJBHRY,天津金融街滨海融御,2020/12/1,210893559.2,229873979.5,199154813.8,217078747,165622166.6,156509220.9
U_ORG_XM_TJJRJDLH,天津金融街东丽湖一期及展示区,2020/12/1,769887200,854411412.6,108157748.8,120005757.8,732983280.2,104062833.4
U_ORG_XM_TJJTDS,天津金唐大厦,2020/12/1,436908911.4,441802462.7,600965.3296,601709.0809,416566313.3,571658.97
U_ORG_XM_TJJT,天津津塔项目经理部,2020/12/1,96745773.26,96745773.26,0,0,86439308.05,0
U_ORG_XM_TJBNW,天津宁宇家园二期,2020/12/1,14482204.74,14525419.39,0,0,14025678.19,0
U_ORG_XM_TJQYC,天津全运村,2020/12/1,12128379.08,13002609.41,0,0,11122101.51,0
U_ORG_XM_TJQYCDJXM,天津全运村代建东区小学幼儿园邻里中心,2020/12/1,93527117.54,102879829.3,5106515.89,5617167.48,90728000.51,4956785.13
U_ORG_XM_TJSCZBZ,天津首创中北镇,2020/12/1,209143169.5,228359814.3,38628019.17,42194431.46,201644748.5,37325851.02
U_ORG_XM_TJTHC,天津天河城购物中心,2020/12/1,727660897,741131971.4,43126998.72,44125705.65,720278382.2,42889351.73
U_ORG_XM_TJSYQ,天津天碱商业区14#地,2020/12/1,413957014.7,415941851,7246807.566,7279119.351,406706464.7,7241587.48
U_ORG_XM_TTTGHHY,天津天通泰观湖花园,2020/12/1,347930815.7,351426420,433.9436147,433.9436147,337563976.9,415.64
U_ORG_XM_TJTYHHYQ,天津天阅海河一期,2020/12/1,134520924.6,147084599,-839306.8096,-917694.4471,130580221.2,-814719.86
U_ORG_XM_TJTYDQ,天津通用电气医疗系统生产基地,2020/12/1,25878926.11,25878926.11,0,0,24949566.86,0
U_ORG_XM_WTDSXD,天津万通大厦（信达二期）,2020/12/1,522812063.4,526217567.7,214893.3217,214893.3217,511521533.9,208802.07
U_ORG_XM_TJWQDK,天津武清080地块,2020/12/1,236437308,257716665.7,116156232.9,126610293.9,233532407.6,114616160.4
U_ORG_XM_TJYGJDY,天津阳光晶典苑,2020/12/1,660454212.1,660477021.8,424525.3243,424547.7703,613742894.4,381611.5
U_ORG_XM_TJYJPJRQ,天津于家堡金融区3-16地块,2020/12/1,182290223.1,184233430.9,0,0,178365818.3,0
U_ORG_XM_TJYYDS,天津远洋大厦二期工程,2020/12/1,14213802.71,14213802.71,0,0,13057691.76,0
U_ORG_XM_TJZBZJGQ,天津中北镇居住区G区,2020/12/1,267182368.9,292735454.9,25424989.68,27892286.44,259117937.4,24864544.83
U_ORG_XM_ZLDDDDK,天津中粮大道一期D地块,2020/12/1,309797288.3,315651262.6,7312413.171,7410746.506,303658089.9,7093530.49
U_ORG_XM_TJZLDDDDKJZ,天津中粮大道一期D地块精装,2020/12/1,9097180.737,9581393.646,-366.1565563,-385.6458614,8024953.61,-323
U_ORG_XM_TJLWL,天津中粮大道一期E地块(祥云名苑),2020/12/1,457077237.5,457906564.3,2769582.466,2778369.841,439696601.7,2620940.55
U_ORG_XM_TJZX,天津中芯P3厂房,2020/12/1,216051925.1,235496598.4,216051925.1,235496598.4,174382463.7,174382463.7
U_ORG_XM_NTRCGSZHB,通锡高速公路海门至通州段TXGS-LJ3,2020/12/1,32962873.16,35929531.75,32962873.16,35929531.75,32600281.56,32600281.56
U_ORG_XM_NTRCGSD1,通锡高速公路海门至通州段TXGS-LJ3项目部第1分部,2020/12/1,43220029.04,47095397.69,43220029.04,47095397.69,42746372.87,42746372.87
U_ORG_XM_NTRCGSD2,通锡高速公路海门至通州段TXGS-LJ3项目部第2分部,2020/12/1,42128685.37,45920267.06,42128685.37,45920267.06,41707398.52,41707398.52
U_ORG_XM_NTRCGSD3,通锡高速公路海门至通州段TXGS-LJ3项目部第3分部,2020/12/1,26471643.24,28839657.17,26471643.24,28839657.17,26208530.58,26208530.58
U_ORG_XM_TRDERMYYJD,铜仁第二人民医院机电,2020/12/1,8411307.215,9222279.378,-368488.3854,-404016.0168,8323008.41,-364620.13
U_ORG_XM_WJBGLEQ,望京办公楼二期,2020/12/1,354648308.9,386636209.9,14913582.67,16258378.83,350573149.5,14726877.83
U_ORG_XM_WFBSQCFJD,潍坊歌尔电子保税区9#厂房机电,2020/12/1,15654860.65,16913017.73,1353288.241,1462049.936,15263280.97,1319438.04
U_ORG_XM_WFYLJMSQ,潍坊怡力精密四期1#2#厂房机电,2020/12/1,41185436.74,44898877.01,41185436.74,44898877.01,40926917.4,40926917.4
U_ORG_XM_WLCBALYJS,乌兰察布阿里云计算数据中心,2020/12/1,158012958.8,170718359.5,6269658.827,6664697.441,156737574.1,6229939.48
U_ORG_XM_WLCBYJSJD,乌兰察布阿里云计算数据中心机电设备安装工程,2020/12/1,97515503.25,106291898.5,28869253.92,31467486.78,96615839.05,28488438.47
U_ORG_XM_WLCBKS,乌兰察布快手智能云数据中心,2020/12/1,186577778.9,203369779,186577778.9,203369779,185139476,185139476
U_ORG_XM_WXSKHLSKJ,无锡SK海力士厂房扩建,2020/12/1,1357747743,1493712081,191824137.8,211313411.6,1338054215,190566275.1
U_ORG_XM_WXGLJRDS,无锡国联金融大厦,2020/12/1,46435654.1,46435654.1,0,0,39516837.28,0
U_ORG_XM_WXJRG,无锡河埒金融商务港,2020/12/1,465945616.2,507880721.7,11710435.2,12764374.37,459142071.4,11518419.32
U_ORG_XM_WXHL2Z,无锡恒隆广场办公楼2座,2020/12/1,574152955.2,630896463.7,65933157.52,72455643.76,572170055.7,65773936.22
U_ORG_XM_WXHLGCBGL,无锡恒隆广场办公楼2座保护工程,2020/12/1,22899686.32,25382073.33,8055.035843,8926.615885,21486294.24,7464.9
U_ORG_XM_WXHLGC,无锡恒隆广场综合发展,2020/12/1,113510747.6,113601106.7,10921722.71,10930416.83,103626870,9970720.5
U_ORG_XM_WXHK,无锡鸿坤理想湾,2020/12/1,522376339.9,571691153.7,19622162.12,21474587.66,510113355.5,19160167.54
U_ORG_XM_WXHFZNZSCDKZZ,无锡华发中南装饰城地块住宅,2020/12/1,605816289.1,658817942.7,132086551.3,142326442.7,558310756.3,128017527.1
U_ORG_XM_WXOPN,无锡欧谱纳轻型燃气机制造,2020/12/1,50703009.35,55266280.18,7550352.706,8229884.449,48690145.42,7245721.88
U_ORG_XM_WXSSMZX,无锡市市民中心项目工程指挥部,2020/12/1,65761058.81,65842606.45,0,0,70878328.15,0
U_ORG_XM_WXSHCZBEDK,无锡市综合交通枢纽项目,2020/12/1,124834992.2,124834992.2,9594484.012,9594484.012,108882998.1,8368456.36
U_ORG_XM_WXXZBDT,无锡芯卓半导体产业化建设,2020/12/1,276059008.9,300904319.6,276059008.9,300904319.6,274670207.3,274670207.3
U_ORG_XM_WXZGCRJYEQ,无锡中关村软件园太湖分园二期,2020/12/1,119038649.1,130911178.7,10190268.22,11202247.25,117849666.4,10086812.76
U_ORG_XM_WXZGCZZ,无锡中关村软件园住宅,2020/12/1,255840207.2,256615796.2,0,0,234384523,0
U_ORG_XM_WHSZSSZB,芜湖三只松鼠研发运营中心,2020/12/1,157284303.1,171439890.4,105165517.3,114630413.9,155975659.4,104308362.6
U_ORG_XM_WKSBSYDZX,五棵松冰上运动中心,2020/12/1,416066003.4,454087631,21113371.13,23064192.27,409395622.7,20891645.74
U_ORG_XM_WHJDF,武汉高世代薄膜晶体管液晶显示器件(TFT-LCD)生产线,2020/12/1,1623510361,1772892914,21751196.21,23871101.63,1610787209,21571961.77
U_ORG_XM_WHHXGD,武汉华星光电t3,2020/12/1,862767599.3,876390116.8,55013448.32,55313944.69,842984140.6,54576157.15
U_ORG_XM_WHHXGDT4,武汉华星光电t4,2020/12/1,111772398.8,123569149.8,26752395.67,29508463.6,110767057.8,26517518.44
U_ORG_XM_WHHXGDTJDAB,武汉华星光电t4机电A包,2020/12/1,77891247.65,85680372.42,-767746.0888,-844520.6978,77272482.23,-761647.14
U_ORG_XM_WHTKCY,武汉泰康之家·楚园,2020/12/1,222682086.5,229362549.1,6623781.666,6822495.116,221237202.1,6580802.91
U_ORG_XM_WHXX,武汉新芯OS4F装修,2020/12/1,17050982.53,17562512.01,0,0,15250654.55,0
U_ORG_XM_WHZHTF,武汉中国特种飞行器研发中心,2020/12/1,293258564.5,319938108.9,45236341.07,49352134.65,277279952,42773764.05
U_ORG_XM_XALXHJD,西安利星行酒店,2020/12/1,174622394.6,190338410.1,93229902.91,101620594.2,156972063.4,87817087.34
U_ORG_XM_XASXCF,西安三星半导体FAB厂房,2020/12/1,98517981.76,98517981.76,230754.9487,230754.9487,79300100.05,185741.63
U_ORG_XM_XASXBDTRQUT,西安三星半导体二期UT栋,2020/12/1,994442851.5,1092264762,54594967.57,59963475.03,988742780.5,54270669.06
U_ORG_XM_XAYLAZF,西安阎良三四七区安置房,2020/12/1,95075935.2,103632769.4,71921799.22,78394761.15,92186524.22,69739360.64
U_ORG_XM_XAYSWCYJD,西安奕斯伟硅产业基地,2020/12/1,18180372.1,19960748.1,2092051.879,2305806.367,17592653.04,2016721.64
U_ORG_XM_DWLZCZF,西大望路政策性住房,2020/12/1,30271392.45,30271392.45,29153.68034,29153.68034,27521165.34,26505
U_ORG_XM_XAZSSGX,雄安高铁站片区外部输水管线,2020/12/1,38217131.08,41656672.87,2195113.372,2392673.575,37372544.87,2146625.04
U_ORG_XM_XZWKFCZGJD,徐州万科翡翠之光机电,2020/12/1,104657440.1,114076609.7,17012753.06,18543900.84,94334933.54,15334761.94
U_ORG_XM_XZWKTSLJD,徐州万科铜山路项目A地块商业机电,2020/12/1,48363648.47,52716376.85,16507145.3,17992788.39,41600769.81,14198886.43
U_ORG_XM_XZYLH,徐州云龙湖悦府三期,2020/12/1,13718329.15,13774347.25,1486925.151,1492996.934,13140295.18,1424272.24
U_ORG_XM_YTABND,烟台爱博诺德医用材料生产,2020/12/1,119684908.1,130456549.8,66813871.87,72827120.34,116820722.9,65311481.59
U_ORG_XM_YTBDT,烟台智路联测半导体,2020/12/1,136726.6928,149032.0952,136726.6928,149032.0952,136677.68,136677.68
U_ORG_XM_CYMSOHOSQ,银河搜候中心（朝阳门SOHO三期）,2020/12/1,99030378.03,99046928.94,0,0,88914659.39,0
U_ORG_XM_YFKYL,永丰Ⅱ-11地块科研办公楼,2020/12/1,10937372.79,10959863.25,1870595.217,1874441.71,9343075.51,1597926
U_ORG_XM_YCXJTJ,运城新建铜基新材料基地,2020/12/1,69308268.67,75546012.85,69308268.67,75546012.85,60518665.29,60518665.29
U_ORG_XM_ZJHFXCHY,湛江华发新城花园,2020/12/1,317530274.5,346107999.2,55913715.67,60945950.08,303025321.7,53603977.52
U_ORG_XM_ZBALBBFDJD,张北阿里巴巴数据中心F栋机电,2020/12/1,108038986.1,117762494.8,1153882.294,1257731.701,93865909.74,972640.9
U_ORG_XM_ZBALBBSJZXJD,张北阿里巴巴数据中心机电,2020/12/1,101318771.5,110379997.7,7811106.248,8514105.811,100913483,7771917.44
U_ORG_XM_ZBALBBSJZXJDXET,张北阿里巴巴数据中心机电小二台,2020/12/1,83726570.27,91204673.14,8195072.27,8932628.775,83328013.42,8154955.4
U_ORG_XM_ZBSJZX,张北数据中心2A3总承包工程,2020/12/1,125778840.1,137098935.7,8028353.324,8750905.124,124727839.6,7946918.65
U_ORG_XM_ZJKTXHL,张家口腾讯怀来瑞北云数据中心,2020/12/1,399969575.6,435966837.4,52560701.32,57291164.44,398658092.6,52388021.95
U_ORG_XM_ZJKQSMZ,张家口下花园浅山名筑住宅小区,2020/12/1,66009742.57,71950619.4,51434118.34,56063188.99,47084270.78,36689300.11
U_ORG_XM_ZZHK,郑州海康威视科技园,2020/12/1,15766591.07,17185584.27,15766591.07,17185584.27,15086953.32,15086953.32
U_ORG_XM_ZZJYZX,郑州建业中心,2020/12/1,159282749.4,175327248.9,73663717.94,81082827.52,141385175.5,65386246.04
U_ORG_XM_ZZJYJD,郑州市建业拾捌壹期机电,2020/12/1,85408595.46,93095369.05,64718146.29,70542779.45,79729777.95,60415036.74
U_ORG_XM_ZZCNSQ,郑州智能骨干网航空港区三期,2020/12/1,259450042.9,282800546.8,259033833.8,282346878.8,235118806,234744074.3
U_ORG_XM_BJXXCXY,中国电信北京信息科技创新园工程,2020/12/1,136133545.8,136133545.8,0,0,121926683.2,0
U_ORG_XM_BJXXCXYEQ,中国电信北京信息科技创新园科研数据中心,2020/12/1,163995809.2,180841558.6,50583303.15,53265780.6,160730112.9,50151256.85
U_ORG_XM_ZHGCSQ,中海广场项目三期K地块,2020/12/1,11520649.82,11520649.82,0,0,11146987.42,0
U_ORG_XM_GYHYZCF,中建（天津）工业化建筑公司预制厂房,2020/12/1,109498069.7,119963290.6,3917665.813,4292421.349,108804359.8,3885501.46
U_ORG_XM_ZLKJY,中粮科技园标准厂房,2020/12/1,268421434.2,286521238.4,3192109.756,3724257.836,261503895.9,3242446.03
U_ORG_XM_ZSYH,中山宇宏健康花城二期四段,2020/12/1,123029827.1,134102511.5,123029827.1,134102511.5,123003685,123003685
U_ORG_XM_CQSKHLSEQ,重庆SK海力士二期,2020/12/1,51332120.25,56226517.99,-2135882.414,-2339533.812,50388006.08,-2096598.69
U_ORG_XM_CQTYZX,重庆巴南体育中心,2020/12/1,2233064.184,2300056.11,0,0,2098278.46,0
U_ORG_XM_CQHFBJSJ,重庆华发·滨江四季,2020/12/1,236943892.8,258269364,124398445.5,135594826.4,219764298.8,115384721.5
U_ORG_XM_CQYDTYG,重庆华熙LIVE·鱼洞体育馆,2020/12/1,348417015.4,358869525.9,2671556.423,2751703.116,343297975.1,2636812.78
U_ORG_XM_CQHXZZ,重庆华熙LIVE·鱼洞住宅,2020/12/1,219874779.3,243972293.7,12176545.87,13523779.84,218442912.7,12094810.77
U_ORG_XM_CQJDF6AMOLED,重庆京东方第6代AMOLED柔性生产线,2020/12/1,2863318787,3121216184,573067223.3,624663712.3,2849844830,571636821.2
U_ORG_XM_CQLJKGWLY,重庆两江空港物流园,2020/12/1,161748998.2,176957022.5,910047.0905,995628.3896,160171922.3,903592.08
U_ORG_XM_CQWSCLC,重庆水土污水处理厂三期扩建,2020/12/1,1379823.726,1504007.861,1379823.726,1504007.861,1375608.76,1375608.76
U_ORG_XM_ZQTXYJS,重庆腾讯云计算中心,2020/12/1,116285680.3,118111113.7,0,0,106292137.8,0
U_ORG_XM_CQTXEQ,重庆腾讯云计算中心二期,2020/12/1,92403882.42,102170498,315376.2032,349888.2067,91301788.98,312445.4
U_ORG_XM_CQTXEQXF,重庆腾讯云计算中心二期消防工程,2020/12/1,18574388.53,20246083.5,1923211.808,2096300.871,18293080.33,1894084.86
U_ORG_XM_CQTXXF,重庆腾讯云计算中心一期消防工程,2020/12/1,7616938.774,8377962.488,-61285.00744,-67545.79515,7506242.3,-60374.33
U_ORG_XM_CQYSCN,重庆亚士创能长寿综合制造基地,2020/12/1,139281419,151816746.6,139126845.2,151648261.2,99810346.77,99701849.73
U_ORG_XM_CQYCZCZGZN,重庆永川中船重工智能制造产业园,2020/12/1,3978028.078,4336050.606,-135945.646,-148180.7541,3687965.21,-126033
U_ORG_XM_CQYYSZXZ,重庆云阳数智森林小镇产业园区(一期)EPC,2020/12/1,24749863.72,26977351.45,24749863.72,26977351.45,24586256.97,24586256.97
U_ORG_XM_ZHCSXW,珠海醋酸纤维有限公司搬迁扩建,2020/12/1,676966.0049,683168.6892,0,0,641376.6,0
U_ORG_XM_ZHHFGC,珠海华发广场,2020/12/1,188259434.3,207085377.7,64172971.2,70590268.31,176588636.8,60228118.78
U_ORG_XM_ZHZLSZ,珠海臻林山庄,2020/12/1,385124996.3,419783640.7,16785869.02,18296597.24,380380360.2,16521748.81
U_ORG_XM_ZHZWKCZX,珠海正威科创中心,2020/12/1,115444635.3,125834652.5,115444635.3,125834652.5,59039362.09,59039362.09
U_ORG_XM_ZZQLY,涿州阿里云计算数据中心,2020/12/1,645623.6954,703729.828,645623.6954,703729.828,608694.02,608694.02
